1 8302
2 5516
3 5334
4 5006
5 4541
6 3890
7 3501
8 3383
9 3295
10 3113
11 2822
12 2647
13 2563
14 2525
15 2442
16 2306
17 2198
18 2147
19 2104
20 2051
21 1960
22 1877
23 1807
24 1769
25 1730
26 1663
27 1603
28 1549
29 1527
30 1504
31 1459
32 1399
33 1357
34 1332
35 1301
36 1274
37 1224
38 1183
39 1154
40 1138
41 1122
42 1082
43 1052
44 1020
45 1004
46 980
47 943
48 916
49 896
50 875
51 859
52 836
53 815
54 788
55 774
56 760
57 745
58 722
59 702
60 693
61 681
62 666
63 643
64 617
65 599
66 590
67 580
68 568
69 557
70 550
71 540
72 535
73 520
74 503
75 490
76 486
77 473
78 467
79 453
80 444
81 435
82 427
83 419
84 410
85 400
86 393
87 390
88 380
89 372
90 369
91 359
92 358
93 355
94 340
95 335
96 331
97 323
98 316
99 309
100 300
101 296
102 293
103 286
104 281
105 277
106 275
107 265
108 260
109 253
110 247
111 240
112 237
113 233
114 230
115 224
116 222
117 217
118 214
119 209
120 207
121 200
122 199
123 195
124 191
125 186
126 183
127 178
128 173
129 169
130 168
131 164
132 160
133 157
134 154
135 150
136 147
137 143
138 139
139 137
140 135
141 133
142 132
143 132
144 128
145 127
146 122
147 120
148 119
149 117
150 114
151 112
152 110
153 110
154 108
155 105
156 103
157 101
158 100
159 98
160 97
161 95
162 94
163 92
164 91
165 89
166 88
167 87
168 86
169 85
170 84
171 84
172 84
173 83
174 83
175 81
176 81
177 79
178 75
179 72
180 72
181 71
182 71
183 69
184 68
185 68
186 68
187 68
188 66
189 64
190 63
191 63
192 63
193 62
194 62
195 61
196 61
197 61
198 61
199 59
200 59
201 59
202 59
203 59
204 59
205 58
206 58
207 57
208 57
209 56
210 56
211 56
212 56
213 56
214 56
215 56
216 56
217 56
218 56
219 55
220 55
221 55
222 54
223 54
224 54
225 53
226 53
227 53
228 53
229 53
230 53
231 52
232 50
233 50
234 50
235 49
236 49
237 49
238 49
239 48
240 48
241 47
242 47
243 47
244 47
245 47
246 46
247 46
248 46
249 46
250 46
251 46
252 46
253 46
254 45
255 45
256 45
257 44
258 44
259 44
260 44
261 44
262 44
263 44
264 44
265 44
266 44
267 44
268 44
269 44
270 44
271 44
272 44
273 43
274 43
275 43
276 43
277 42
278 42
279 42
280 41
281 40
282 40
283 40
284 40
285 40
286 40
287 40
288 40
289 40
290 40
291 40
292 40
293 40
294 40
295 40
296 40
297 40
298 40
299 40
300 40
301 40
302 40
303 40
304 40
305 40
306 40
307 40
308 40
309 40
310 40
311 40
312 39
313 38
314 38
315 38
316 38
317 38
318 38
319 38
320 38
321 37
322 37
323 37
324 37
325 37
326 37
327 37
328 37
329 37
330 37
331 37
332 37
333 37
334 37
335 37
336 37
337 37
338 37
339 37
340 37
341 37
342 37
343 37
344 37
345 37
346 37
347 37
348 37
349 37
350 37
351 37
352 37
353 37
354 37
355 37
356 37
357 37
358 37
359 37
360 37
361 37
362 37
363 37
364 37
365 37
366 37
367 37
368 37
369 37
370 37
371 37
372 37
373 37
374 37
375 37
376 37
377 37
378 37
379 37
380 37
381 37
382 37
383 37
384 37
385 37
386 37
387 37
388 37
389 37
390 37
391 37
392 37
393 37
394 37
395 37
396 37
397 37
398 37
399 37
400 37
401 37
402 37
403 37
404 37
405 37
406 37
407 37
408 37
409 37
410 37
411 37
412 37
413 37
414 37
415 37
416 37
417 37
418 37
419 37
420 37
421 37
422 37
423 37
424 37
425 37
426 37
427 37
428 37
429 37
430 37
431 37
432 37
433 37
434 37
435 37
436 37
437 37
438 37
439 37
440 37
441 37
442 37
443 37
444 37
445 37
446 37
447 37
448 37
449 37
450 37
451 37
452 37
453 37
454 37
455 37
456 37
457 37
458 37
459 37
460 37
461 37
462 37
463 37
464 37
465 37
466 37
467 37
468 37
469 37
470 37
471 37
472 37
473 37
474 37
475 37
476 37
477 37
478 37
479 37
480 37
481 37
482 37
483 37
484 37
485 37
486 37
487 37
488 37
489 37
490 37
491 37
492 37
493 37
494 37
495 37
496 37
497 37
498 37
499 37
