1 761
2 105
3 103
4 102
5 102
6 102
7 101
8 101
9 101
10 101
11 101
12 101
13 101
14 100
15 100
16 100
17 100
18 100
19 100
20 99
21 99
22 99
23 99
24 98
25 97
26 97
27 97
28 97
29 97
30 97
31 97
32 97
33 97
34 97
35 95
36 94
37 93
38 93
39 93
40 93
41 92
42 92
43 92
44 92
45 92
46 92
47 92
48 92
49 92
50 92
51 92
52 92
53 92
54 92
55 92
56 92
57 92
58 92
59 92
60 92
61 92
62 92
63 92
64 92
65 92
66 92
67 92
68 92
69 92
70 92
71 92
72 92
73 91
74 91
75 91
76 91
77 91
78 91
79 91
80 91
81 91
82 91
83 91
84 91
85 91
86 91
87 91
88 91
89 91
90 91
91 91
92 91
93 91
94 91
95 91
96 91
97 91
98 91
99 91
100 91
101 91
102 91
103 91
104 91
105 91
106 91
107 91
108 91
109 90
110 90
111 89
112 89
113 89
114 89
115 89
116 89
117 88
118 88
119 88
120 88
121 88
122 88
123 88
124 88
125 88
126 88
127 88
128 88
129 88
130 88
131 88
132 88
133 88
134 88
135 88
136 88
137 88
138 88
139 88
140 88
141 88
142 87
143 87
144 87
145 87
146 87
147 87
148 87
149 87
150 87
151 87
152 87
153 87
154 87
155 87
156 87
157 87
158 87
159 87
160 87
161 87
162 87
163 87
164 87
165 87
166 87
167 87
168 87
169 87
170 87
171 87
172 87
173 87
174 87
175 87
176 87
177 87
178 87
179 87
180 86
181 86
182 86
183 86
184 86
185 85
186 85
187 85
188 85
189 85
190 85
191 85
192 85
193 85
194 85
195 85
196 85
197 85
198 85
199 85
200 85
201 85
202 85
203 85
204 85
205 85
206 85
207 85
208 85
209 85
210 85
211 85
212 85
213 85
214 85
215 85
216 85
217 85
218 85
219 85
220 85
221 85
222 85
223 85
224 85
225 85
226 85
227 85
228 85
229 85
230 85
231 85
232 85
233 85
234 85
235 85
236 84
237 84
238 84
239 84
240 84
241 84
242 84
243 84
244 84
245 84
246 84
247 84
248 84
249 84
250 84
251 84
252 84
253 84
254 84
255 84
256 84
257 84
258 84
259 84
260 84
261 84
262 84
263 84
264 84
265 84
266 84
267 84
268 84
269 84
270 84
271 84
272 84
273 84
274 84
275 84
276 84
277 83
278 83
279 83
280 83
281 83
282 83
283 83
284 83
285 83
286 83
287 83
288 83
289 83
290 83
291 83
292 83
293 83
294 83
295 83
296 83
297 83
298 83
299 83
300 83
301 83
302 82
303 82
304 82
305 82
306 81
307 81
308 81
309 81
310 81
311 81
312 81
313 81
314 81
315 81
316 81
317 81
318 81
319 81
320 81
321 81
322 81
323 81
324 81
325 81
326 81
327 81
328 81
329 81
330 81
331 81
332 81
333 81
334 81
335 81
336 81
337 81
338 81
339 81
340 81
341 81
342 81
343 81
344 81
345 81
346 81
347 81
348 81
349 81
350 81
351 81
352 81
353 81
354 81
355 81
356 81
357 81
358 81
359 81
360 81
361 81
362 81
363 81
364 81
365 81
366 81
367 81
368 81
369 81
370 81
371 81
372 81
373 81
374 81
375 81
376 81
377 81
378 81
379 81
380 81
381 81
382 81
383 81
384 81
385 81
386 81
387 81
388 81
389 81
390 81
391 81
392 81
393 81
394 81
395 81
396 81
397 81
398 81
399 81
400 81
401 81
402 81
403 81
404 81
405 81
406 81
407 81
408 81
409 81
410 81
411 81
412 81
413 81
414 81
415 81
416 81
417 81
418 81
419 81
420 81
421 81
422 81
423 81
424 81
425 81
426 80
427 80
428 80
429 80
430 80
431 80
432 80
433 80
434 80
435 80
436 80
437 80
438 80
439 80
440 80
441 80
442 80
443 80
444 80
445 80
446 80
447 80
448 80
449 80
450 80
451 80
452 80
453 80
454 80
455 79
456 79
457 79
458 79
459 79
460 79
461 79
462 79
463 79
464 79
465 78
466 78
467 78
468 78
469 78
470 78
471 78
472 78
473 78
474 78
475 78
476 78
477 78
478 78
479 78
480 78
481 78
482 78
483 78
484 78
485 78
486 78
487 78
488 78
489 78
490 78
491 78
492 78
493 78
494 78
495 78
496 78
497 78
498 77
499 77
