1 363
2 188
3 162
4 153
5 142
6 134
7 131
8 128
9 128
10 125
11 117
12 115
13 115
14 114
15 114
16 100
17 99
18 99
19 98
20 98
21 98
22 98
23 98
24 98
25 98
26 98
27 98
28 98
29 98
30 97
31 93
32 92
33 92
34 92
35 92
36 92
37 92
38 92
39 92
40 92
41 92
42 92
43 92
44 92
45 89
46 86
47 86
48 86
49 86
50 86
51 86
52 85
53 84
54 84
55 84
56 84
57 84
58 84
59 84
60 83
61 82
62 82
63 82
64 82
65 82
66 82
67 82
68 82
69 82
70 82
71 82
72 82
73 82
74 82
75 79
76 79
77 79
78 79
79 79
80 79
81 79
82 79
83 79
84 79
85 78
86 78
87 78
88 78
89 78
90 76
91 76
92 76
93 76
94 76
95 76
96 75
97 75
98 75
99 74
100 74
101 74
102 74
103 74
104 74
105 74
106 73
107 73
108 73
109 73
110 73
111 73
112 73
113 73
114 73
115 73
116 73
117 73
118 73
119 73
120 72
121 72
122 72
123 72
124 72
125 72
126 72
127 72
128 72
129 72
130 72
131 72
132 72
133 72
134 72
135 72
136 72
137 72
138 72
139 72
140 72
141 72
142 72
143 72
144 72
145 72
146 72
147 72
148 72
149 72
150 72
151 72
152 72
153 72
154 72
155 72
156 72
157 72
158 72
159 72
160 72
161 72
162 72
163 72
164 72
165 72
166 72
167 72
168 72
169 72
170 72
171 72
172 72
173 72
174 72
175 72
176 72
177 72
178 72
179 72
180 72
181 72
182 72
183 72
184 72
185 72
186 71
187 71
188 71
189 70
190 70
191 70
192 70
193 70
194 70
195 70
196 70
197 70
198 69
199 69
200 68
201 67
202 67
203 67
204 67
205 67
206 67
207 67
208 67
209 67
210 67
211 67
212 66
213 66
214 66
215 66
216 66
217 66
218 66
219 66
220 66
221 66
222 66
223 66
224 66
225 66
226 66
227 66
228 66
229 66
230 66
231 66
232 66
233 66
234 66
235 66
236 66
237 66
238 66
239 66
240 66
241 66
242 66
243 66
244 66
245 66
246 66
247 66
248 66
249 66
250 66
251 66
252 66
253 66
254 66
255 66
256 66
257 66
258 66
259 66
260 66
261 66
262 66
263 66
264 66
265 66
266 66
267 66
268 66
269 66
270 66
271 66
272 65
273 65
274 65
275 65
276 65
277 65
278 65
279 65
280 65
281 65
282 65
283 65
284 65
285 65
286 65
287 65
288 65
289 65
290 65
291 65
292 65
293 65
294 65
295 65
296 65
297 65
298 65
299 65
300 65
301 65
302 65
303 65
304 65
305 65
306 65
307 65
308 65
309 64
310 64
311 64
312 64
313 64
314 64
315 64
316 64
317 64
318 64
319 64
320 64
321 64
322 64
323 64
324 64
325 64
326 64
327 64
328 64
329 64
330 64
331 64
332 64
333 64
334 64
335 64
336 64
337 64
338 64
339 64
340 64
341 64
342 64
343 64
344 64
345 64
346 64
347 64
348 64
349 64
350 64
351 64
352 64
353 64
354 64
355 64
356 64
357 64
358 64
359 64
360 64
361 64
362 64
363 64
364 64
365 64
366 64
367 64
368 64
369 64
370 64
371 64
372 64
373 64
374 64
375 64
376 64
377 64
378 64
379 64
380 64
381 64
382 64
383 64
384 64
385 64
386 64
387 64
388 64
389 64
390 64
391 64
392 64
393 64
394 64
395 64
396 64
397 64
398 64
399 64
400 64
401 64
402 64
403 64
404 64
405 64
406 64
407 64
408 64
409 64
410 64
411 64
412 64
413 64
414 63
415 63
416 63
417 63
418 63
419 63
420 63
421 63
422 63
423 63
424 63
425 63
426 63
427 63
428 63
429 63
430 63
431 63
432 63
433 63
434 63
435 63
436 63
437 63
438 63
439 63
440 63
441 63
442 63
443 63
444 63
445 63
446 63
447 63
448 63
449 63
450 63
451 63
452 63
453 63
454 63
455 63
456 63
457 63
458 63
459 63
460 63
461 63
462 63
463 63
464 63
465 63
466 63
467 63
468 63
469 63
470 63
471 63
472 63
473 63
474 62
475 62
476 62
477 62
478 62
479 62
480 62
481 62
482 62
483 62
484 62
485 62
486 62
487 62
488 62
489 62
490 62
491 62
492 62
493 62
494 62
495 62
496 62
497 62
498 62
499 62
