1 6365
2 5772
3 5260
4 5060
5 4654
6 4098
7 3575
8 3397
9 3331
10 3191
11 2945
12 2708
13 2605
14 2571
15 2503
16 2392
17 2262
18 2195
19 2153
20 2107
21 2034
22 1940
23 1862
24 1827
25 1795
26 1736
27 1675
28 1617
29 1592
30 1572
31 1536
32 1476
33 1444
34 1403
35 1373
36 1341
37 1301
38 1259
39 1219
40 1202
41 1188
42 1159
43 1127
44 1091
45 1071
46 1048
47 1023
48 990
49 968
50 948
51 928
52 907
53 889
54 858
55 844
56 828
57 816
58 800
59 771
60 761
61 749
62 736
63 714
64 685
65 669
66 661
67 649
68 636
69 627
70 615
71 604
72 597
73 586
74 569
75 560
76 549
77 538
78 530
79 524
80 508
81 499
82 490
83 483
84 471
85 461
86 453
87 447
88 439
89 430
90 427
91 417
92 415
93 412
94 398
95 394
96 390
97 383
98 375
99 368
100 361
101 354
102 350
103 343
104 339
105 334
106 330
107 320
108 315
109 308
110 302
111 297
112 293
113 287
114 285
115 281
116 276
117 271
118 270
119 265
120 261
121 254
122 250
123 246
124 243
125 239
126 234
127 231
128 226
129 222
130 218
131 216
132 210
133 207
134 204
135 199
136 195
137 193
138 190
139 188
140 186
141 185
142 183
143 182
144 179
145 178
146 173
147 172
148 169
149 168
150 165
151 163
152 162
153 162
154 161
155 158
156 155
157 154
158 153
159 151
160 148
161 147
162 146
163 143
164 142
165 142
166 140
167 139
168 138
169 138
170 137
171 136
172 136
173 135
174 134
175 132
176 131
177 131
178 128
179 125
180 123
181 122
182 122
183 120
184 119
185 118
186 118
187 118
188 116
189 113
190 113
191 112
192 111
193 110
194 110
195 110
196 107
197 107
198 107
199 105
200 105
201 104
202 104
203 103
204 103
205 103
206 103
207 102
208 102
209 102
210 101
211 100
212 100
213 100
214 100
215 100
216 100
217 100
218 100
219 100
220 100
221 100
222 100
223 99
224 98
225 97
226 96
227 96
228 96
229 96
230 96
231 95
232 93
233 93
234 93
235 92
236 91
237 91
238 91
239 91
240 90
241 89
242 89
243 89
244 89
245 89
246 88
247 87
248 87
249 87
250 85
251 85
252 84
253 84
254 83
255 83
256 83
257 82
258 82
259 82
260 82
261 82
262 82
263 82
264 82
265 82
266 81
267 81
268 81
269 81
270 81
271 81
272 81
273 81
274 80
275 80
276 80
277 79
278 79
279 79
280 78
281 77
282 77
283 77
284 77
285 77
286 77
287 77
288 77
289 77
290 77
291 77
292 77
293 77
294 76
295 76
296 76
297 76
298 76
299 76
300 75
301 75
302 75
303 75
304 75
305 75
306 75
307 75
308 75
309 75
310 75
311 75
312 74
313 74
314 72
315 72
316 71
317 71
318 69
319 69
320 69
321 69
322 68
323 68
324 68
325 68
326 68
327 68
328 68
329 68
330 68
331 68
332 68
333 68
334 68
335 68
336 68
337 68
338 68
339 68
340 68
341 68
342 68
343 68
344 68
345 68
346 68
347 68
348 68
349 68
350 68
351 68
352 68
353 68
354 68
355 68
356 68
357 68
358 68
359 68
360 68
361 68
362 68
363 68
364 68
365 68
366 68
367 68
368 68
369 68
370 68
371 68
372 68
373 68
374 68
375 68
376 68
377 68
378 68
379 68
380 68
381 68
382 68
383 68
384 68
385 68
386 68
387 67
388 67
389 67
390 67
391 67
392 67
393 67
394 67
395 67
396 67
397 67
398 66
399 66
400 66
401 66
402 66
403 66
404 66
405 66
406 66
407 65
408 65
409 65
410 65
411 65
412 65
413 65
414 65
415 65
416 65
417 65
418 65
419 65
420 65
421 65
422 65
423 65
424 65
425 65
426 65
427 65
428 65
429 64
430 64
431 63
432 63
433 63
434 63
435 63
436 63
437 63
438 63
439 63
440 63
441 63
442 63
443 63
444 63
445 63
446 63
447 63
448 63
449 63
450 63
451 63
452 63
453 63
454 63
455 63
456 63
457 63
458 63
459 63
460 63
461 63
462 63
463 63
464 63
465 63
466 63
467 63
468 63
469 63
470 63
471 63
472 63
473 63
474 63
475 63
476 63
477 63
478 63
479 63
480 63
481 63
482 63
483 63
484 63
485 63
486 63
487 63
488 63
489 63
490 63
491 63
492 63
493 63
494 63
495 63
496 62
497 62
498 62
499 62
