0 80854
10 4283
20 3032
30 2436
40 1986
50 1646
60 1428
70 1136
80 1016
90 928
100 839
110 777
120 725
130 676
140 639
150 613
160 594
170 578
180 556
190 527
200 508
210 497
220 493
230 485
240 476
250 469
260 465
270 462
280 458
290 454
300 453
310 452
320 446
330 444
340 443
350 440
360 440
370 438
380 435
390 434
400 432
410 432
420 430
430 429
440 429
450 427
460 425
470 424
480 423
490 422
500 421
510 421
520 418
530 418
540 418
550 416
560 415
570 412
580 412
590 411
600 410
610 410
620 410
630 408
640 407
650 405
660 405
670 405
680 403
690 402
700 402
710 401
720 400
730 400
740 399
750 398
760 398
770 398
780 398
790 397
800 396
810 394
820 393
830 393
840 392
850 392
860 391
870 390
880 390
890 390
900 390
910 390
920 389
930 386
940 385
950 385
960 383
970 379
980 379
990 378
1000 378
1010 377
1020 376
1030 375
1040 375
1050 372
1060 372
1070 371
1080 371
1090 370
1100 370
1110 369
1120 369
1130 368
1140 366
1150 364
1160 363
1170 362
1180 361
1190 360
1200 359
1210 357
1220 357
1230 357
1240 357
1250 356
1260 353
1270 353
1280 352
1290 350
1300 350
1310 350
1320 349
1330 348
1340 347
1350 347
1360 345
1370 344
1380 342
1390 341
1400 341
1410 340
1420 340
1430 340
1440 340
1450 340
1460 340
1470 340
1480 333
1490 331
1500 331
1510 330
1520 329
1530 329
1540 328
1550 327
1560 327
1570 326
1580 326
1590 326
1600 326
1610 325
1620 325
1630 325
1640 325
1650 323
1660 323
1670 323
1680 323
1690 323
1700 323
1710 323
1720 323
1730 322
1740 321
1750 321
1760 321
1770 321
1780 320
1790 318
1800 316
1810 316
1820 316
1830 316
1840 316
1850 315
1860 315
1870 314
1880 314
1890 314
1900 314
1910 313
1920 313
1930 313
1940 311
1950 311
1960 310
1970 310
1980 310
1990 310
