1 10622
2 6874
3 6509
4 6148
5 5641
6 4900
7 4500
8 4370
9 4268
10 4068
11 3752
12 3575
13 3487
14 3448
15 3343
16 3129
17 3017
18 2949
19 2895
20 2837
21 2742
22 2654
23 2580
24 2538
25 2495
26 2424
27 2362
28 2304
29 2275
30 2248
31 2154
32 2090
33 2043
34 2017
35 1982
36 1952
37 1903
38 1859
39 1828
40 1809
41 1790
42 1750
43 1720
44 1687
45 1662
46 1589
47 1549
48 1520
49 1500
50 1478
51 1460
52 1436
53 1412
54 1383
55 1366
56 1350
57 1335
58 1311
59 1290
60 1271
61 1126
62 1104
63 1081
64 1054
65 1036
66 1026
67 1016
68 1002
69 989
70 982
71 971
72 966
73 944
74 926
75 912
76 907
77 893
78 887
79 873
80 863
81 845
82 836
83 828
84 819
85 809
86 802
87 798
88 788
89 779
90 776
91 762
92 761
93 757
94 738
95 731
96 726
97 718
98 711
99 704
100 695
101 691
102 685
103 678
104 673
105 669
106 667
107 655
108 649
109 643
110 637
111 630
112 624
113 618
114 615
115 609
116 606
117 600
118 597
119 590
120 588
121 581
122 580
123 576
124 571
125 564
126 558
127 552
128 546
129 542
130 540
131 536
132 532
133 529
134 526
135 522
136 518
137 514
138 509
139 507
140 505
141 503
142 502
143 502
144 497
145 495
146 490
147 488
148 487
149 484
150 481
151 479
152 477
153 477
154 475
155 471
156 469
157 467
158 465
159 463
160 462
161 459
162 458
163 456
164 455
165 453
166 452
167 450
168 449
169 448
170 447
171 445
172 445
173 443
174 442
175 437
176 437
177 435
178 431
179 427
180 427
181 426
182 416
183 413
184 411
185 410
186 410
187 410
188 406
189 402
190 401
191 400
192 400
193 399
194 398
195 396
196 396
197 396
198 396
199 394
200 382
201 378
202 378
203 378
204 377
205 376
206 376
207 375
208 375
209 374
210 373
211 373
212 372
213 372
214 372
215 372
216 372
217 372
218 372
219 371
220 371
221 371
222 370
223 370
224 370
225 369
226 369
227 369
228 369
229 369
230 368
231 367
232 364
233 363
234 363
235 362
236 362
237 362
238 362
239 361
240 361
241 359
242 359
243 359
244 359
245 359
246 358
247 357
248 357
249 355
250 355
251 355
252 355
253 355
254 354
255 354
256 354
257 353
258 353
259 351
260 351
261 350
262 349
263 349
264 349
265 348
266 348
267 348
268 348
269 348
270 348
271 348
272 348
273 347
274 347
275 347
276 347
277 346
278 346
279 346
280 345
281 344
282 343
283 343
284 343
285 343
286 343
287 343
288 342
289 342
290 341
291 341
292 340
293 340
294 340
295 340
296 340
297 340
298 340
299 340
300 340
301 340
302 340
303 340
304 340
305 340
306 340
307 340
308 340
309 340
310 340
311 339
312 337
313 336
314 336
315 336
316 336
317 335
318 334
319 334
320 334
321 333
322 333
323 333
324 333
325 333
326 333
327 333
328 333
329 332
330 332
331 332
332 332
333 332
334 332
335 332
336 332
337 331
338 331
339 331
340 331
341 330
342 330
343 330
344 330
345 330
346 330
347 330
348 329
349 329
350 329
351 329
352 329
353 329
354 329
355 329
356 329
357 329
358 329
359 329
360 329
361 329
362 329
363 328
364 328
365 328
366 328
367 328
368 328
369 328
370 328
371 328
372 328
373 328
374 328
375 328
376 328
377 328
378 327
379 326
380 326
381 326
382 325
383 325
384 325
385 325
386 325
387 325
388 325
389 325
390 325
391 325
392 324
393 324
394 324
395 324
396 324
397 323
398 323
399 323
400 323
401 323
402 323
403 323
404 323
405 323
406 323
407 323
408 323
409 323
410 323
411 323
412 323
413 323
414 323
415 322
416 322
417 322
418 322
419 322
420 322
421 322
422 322
423 322
424 322
425 322
426 322
427 322
428 322
429 322
430 322
431 322
432 322
433 322
434 322
435 322
436 322
437 322
438 322
439 322
440 322
441 322
442 322
443 322
444 322
445 321
446 320
447 320
448 320
449 320
450 320
451 320
452 320
453 320
454 320
455 320
456 320
457 320
458 319
459 319
460 319
461 319
462 319
463 319
464 319
465 319
466 319
467 319
468 319
469 319
470 319
471 319
472 319
473 319
474 319
475 319
476 319
477 319
478 318
479 318
480 318
481 317
482 317
483 317
484 317
485 317
486 317
487 317
488 317
489 317
490 317
491 317
492 317
493 317
494 317
495 317
496 317
497 317
498 317
499 317
