10 4283
20 3032
30 2436
40 1986
50 1646
50 1646
51 1627
52 1602
53 1575
54 1544
55 1525
56 1509
57 1493
58 1470
59 1449
60 1428
60 1428
61 1283
62 1260
63 1237
64 1211
65 1193
66 1183
67 1172
68 1158
69 1145
70 1136
70 1136
71 1125
72 1119
73 1097
74 1079
75 1065
76 1060
77 1046
78 1040
79 1026
80 1016
80 1016
81 998
82 989
83 981
84 973
85 961
86 954
87 950
88 940
89 932
90 928
90 928
91 914
92 913
93 908
94 887
95 879
96 872
97 864
98 857
99 848
100 839
100 839
101 835
102 829
103 822
104 817
105 812
106 809
107 797
108 791
109 783
110 777
110 777
111 769
112 763
113 757
114 754
115 748
116 745
117 737
118 734
119 727
120 725
120 725
121 718
122 716
123 712
124 707
125 700
126 694
127 688
128 682
129 678
130 676
130 676
131 672
132 668
133 665
134 661
135 656
136 652
137 648
138 643
139 641
140 639
140 639
141 636
142 634
143 634
144 629
145 627
146 622
147 620
148 619
149 616
150 613
160 594
170 578
180 556
190 527
200 508
210 497
220 493
230 485
240 476
250 469
260 465
270 462
280 458
290 454
300 453
310 452
320 446
330 444
340 443
350 440
360 440
370 438
380 435
390 434
400 432
410 432
420 430
430 429
440 429
450 427
460 425
470 424
480 423
490 422
500 421
