1 468
2 388
3 376
4 361
5 333
6 262
7 262
8 260
9 258
10 258
11 258
12 257
13 257
14 257
15 257
16 256
17 256
18 256
19 256
20 255
21 255
22 255
23 255
24 254
25 254
26 254
27 254
28 253
29 253
30 251
31 206
32 206
33 206
34 206
35 206
36 206
37 206
38 206
39 206
40 206
41 206
42 206
43 206
44 205
45 205
46 205
47 205
48 205
49 205
50 205
51 205
52 204
53 204
54 204
55 204
56 204
57 204
58 204
59 204
60 198
61 76
62 74
63 74
64 74
65 74
66 74
67 74
68 74
69 74
70 74
71 74
72 74
73 74
74 74
75 74
76 74
77 73
78 73
79 73
80 73
81 73
82 73
83 73
84 73
85 73
86 73
87 73
88 73
89 73
90 73
91 73
92 73
93 73
94 73
95 73
96 73
97 73
98 73
99 73
100 73
101 73
102 73
103 73
104 73
105 73
106 73
107 72
108 72
109 72
110 72
111 72
112 71
113 71
114 71
115 71
116 71
117 71
118 71
119 71
120 71
121 71
122 71
123 71
124 71
125 71
126 71
127 71
128 71
129 71
130 71
131 71
132 71
133 71
134 71
135 71
136 71
137 71
138 71
139 71
140 71
141 71
142 71
143 71
144 71
145 70
146 70
147 70
148 70
149 70
150 70
151 70
152 70
153 70
154 70
155 70
156 70
157 70
158 70
159 70
160 70
161 70
162 70
163 70
164 70
165 70
166 70
167 70
168 70
169 70
170 70
171 70
172 70
173 70
174 70
175 70
176 70
177 70
178 70
179 70
180 70
181 70
182 70
183 70
184 70
185 70
186 70
187 70
188 70
189 70
190 70
191 70
192 70
193 70
194 70
195 70
196 70
197 70
198 70
199 70
200 70
201 70
202 70
203 70
204 70
205 70
206 70
207 70
208 70
209 70
210 70
211 70
212 70
213 70
214 70
215 70
216 70
217 70
218 70
219 70
220 70
221 70
222 70
223 70
224 70
225 70
226 70
227 70
228 70
229 70
230 70
231 70
232 70
233 70
234 70
235 70
236 70
237 70
238 70
239 70
240 70
241 70
242 70
243 70
244 70
245 70
246 70
247 69
248 69
249 69
250 69
251 69
252 69
253 69
254 69
255 69
256 69
257 69
258 69
259 68
260 68
261 68
262 68
263 68
264 68
265 68
266 68
267 68
268 68
269 68
270 68
271 68
272 68
273 68
274 68
275 68
276 68
277 68
278 68
279 68
280 68
281 68
282 68
283 68
284 68
285 68
286 68
287 68
288 68
289 68
290 68
291 68
292 68
293 68
294 68
295 68
296 68
297 68
298 68
299 68
300 68
301 68
302 68
303 68
304 68
305 68
306 68
307 68
308 68
309 68
310 68
311 68
312 68
313 68
314 68
315 68
316 68
317 68
318 68
319 68
320 68
321 68
322 68
323 68
324 68
325 68
326 68
327 68
328 68
329 68
330 68
331 68
332 68
333 68
334 68
335 68
336 68
337 68
338 68
339 68
340 68
341 67
342 67
343 67
344 67
345 67
346 67
347 67
348 67
349 67
350 67
351 67
352 67
353 67
354 67
355 67
356 67
357 67
358 67
359 67
360 67
361 67
362 67
363 67
364 67
365 67
366 67
367 67
368 67
369 67
370 67
371 67
372 67
373 67
374 67
375 67
376 67
377 67
378 67
379 67
380 67
381 67
382 67
383 67
384 67
385 67
386 67
387 67
388 67
389 67
390 67
391 67
392 67
393 67
394 67
395 67
396 67
397 67
398 67
399 67
400 67
401 67
402 67
403 67
404 67
405 67
406 67
407 67
408 67
409 67
410 67
411 67
412 67
413 67
414 67
415 67
416 67
417 67
418 67
419 67
420 67
421 67
422 67
423 67
424 67
425 67
426 67
427 67
428 67
429 67
430 67
431 67
432 67
433 67
434 67
435 67
436 67
437 67
438 67
439 67
440 67
441 67
442 67
443 67
444 67
445 67
446 67
447 67
448 67
449 67
450 67
451 67
452 67
453 67
454 67
455 67
456 67
457 67
458 67
459 67
460 67
461 67
462 67
463 67
464 67
465 67
466 67
467 67
468 67
469 67
470 67
471 67
472 67
473 67
474 67
475 67
476 67
477 67
478 67
479 67
480 67
481 67
482 67
483 67
484 67
485 67
486 67
487 67
488 67
489 67
490 67
491 67
492 67
493 67
494 67
495 67
496 67
497 67
498 67
499 67
