1 935
2 225
3 224
4 224
5 224
6 223
7 222
8 221
9 221
10 220
11 220
12 220
13 220
14 220
15 206
16 133
17 132
18 131
19 130
20 128
21 128
22 126
23 126
24 125
25 124
26 124
27 124
28 122
29 122
30 122
31 121
32 121
33 121
34 121
35 120
36 120
37 120
38 119
39 119
40 119
41 118
42 118
43 118
44 118
45 118
46 118
47 118
48 118
49 118
50 118
51 117
52 117
53 117
54 117
55 117
56 117
57 116
58 116
59 116
60 115
61 114
62 114
63 114
64 114
65 114
66 114
67 114
68 114
69 114
70 112
71 112
72 111
73 111
74 111
75 111
76 111
77 111
78 111
79 111
80 111
81 111
82 111
83 111
84 111
85 110
86 110
87 110
88 110
89 110
90 110
91 109
92 109
93 109
94 109
95 108
96 108
97 108
98 108
99 107
100 107
101 107
102 107
103 107
104 107
105 107
106 107
107 107
108 107
109 106
110 106
111 105
112 105
113 105
114 105
115 105
116 105
117 105
118 105
119 105
120 105
121 105
122 105
123 105
124 105
125 105
126 105
127 105
128 105
129 105
130 105
131 105
132 105
133 105
134 105
135 105
136 105
137 104
138 104
139 104
140 104
141 102
142 102
143 102
144 102
145 102
146 102
147 102
148 102
149 102
150 102
151 102
152 102
153 102
154 102
155 102
156 102
157 102
158 102
159 102
160 102
161 102
162 102
163 102
164 102
165 102
166 102
167 101
168 101
169 101
170 101
171 101
172 101
173 101
174 101
175 101
176 101
177 101
178 101
179 101
180 99
181 99
182 99
183 99
184 99
185 98
186 98
187 98
188 97
189 97
190 97
191 97
192 97
193 97
194 96
195 96
196 96
197 96
198 96
199 96
200 96
201 96
202 95
203 95
204 95
205 95
206 95
207 95
208 95
209 95
210 95
211 95
212 94
213 94
214 94
215 94
216 94
217 94
218 94
219 94
220 94
221 94
222 94
223 94
224 94
225 94
226 94
227 94
228 94
229 94
230 94
231 94
232 94
233 94
234 94
235 93
236 93
237 93
238 93
239 93
240 93
241 93
242 93
243 93
244 93
245 93
246 93
247 93
248 93
249 93
250 93
251 93
252 93
253 93
254 93
255 93
256 93
257 93
258 92
259 92
260 92
261 92
262 92
263 92
264 92
265 92
266 92
267 92
268 92
269 92
270 92
271 92
272 92
273 92
274 92
275 92
276 92
277 92
278 92
279 92
280 92
281 92
282 92
283 92
284 92
285 92
286 92
287 92
288 92
289 92
290 92
291 92
292 92
293 92
294 92
295 92
296 92
297 92
298 92
299 92
300 92
301 92
302 91
303 91
304 91
305 91
306 91
307 91
308 91
309 91
310 91
311 91
312 91
313 91
314 91
315 91
316 91
317 91
318 91
319 91
320 91
321 91
322 91
323 91
324 91
325 91
326 91
327 91
328 91
329 90
330 90
331 90
332 90
333 90
334 90
335 90
336 90
337 90
338 90
339 90
340 90
341 90
342 90
343 90
344 90
345 90
346 90
347 90
348 90
349 90
350 90
351 90
352 90
353 90
354 90
355 90
356 90
357 90
358 90
359 90
360 90
361 90
362 90
363 90
364 90
365 90
366 90
367 90
368 90
369 90
370 90
371 90
372 90
373 90
374 90
375 90
376 90
377 90
378 90
379 88
380 88
381 88
382 88
383 88
384 88
385 88
386 88
387 88
388 88
389 88
390 88
391 88
392 88
393 88
394 88
395 88
396 88
397 88
398 88
399 88
400 88
401 88
402 88
403 88
404 88
405 88
406 88
407 88
408 88
409 88
410 88
411 88
412 88
413 88
414 88
415 88
416 88
417 88
418 88
419 88
420 88
421 88
422 88
423 88
424 88
425 88
426 88
427 88
428 88
429 88
430 88
431 88
432 88
433 88
434 88
435 88
436 88
437 88
438 88
439 88
440 88
441 88
442 88
443 88
444 88
445 88
446 87
447 87
448 87
449 87
450 87
451 87
452 87
453 87
454 87
455 87
456 87
457 87
458 87
459 87
460 87
461 87
462 87
463 87
464 87
465 87
466 87
467 87
468 87
469 87
470 87
471 87
472 87
473 87
474 87
475 87
476 87
477 87
478 87
479 87
480 87
481 87
482 87
483 87
484 87
485 87
486 87
487 87
488 87
489 87
490 87
491 87
492 87
493 87
494 87
495 87
496 87
497 87
498 87
499 87
