1 387
2 259
3 239
4 231
5 229
6 221
7 216
8 210
9 203
10 197
11 190
12 188
13 186
14 185
15 181
16 177
17 173
18 168
19 164
20 163
21 160
22 157
23 154
24 152
25 151
26 147
27 146
28 145
29 140
30 139
31 135
32 131
33 129
34 129
35 126
36 123
37 123
38 122
39 121
40 120
41 118
42 118
43 118
44 118
45 109
46 61
47 58
48 57
49 57
50 57
51 57
52 57
53 56
54 55
55 52
56 51
57 51
58 51
59 51
60 50
61 40
62 38
63 38
64 37
65 37
66 37
67 37
68 36
69 36
70 36
71 36
72 36
73 35
74 35
75 34
76 33
77 33
78 33
79 33
80 33
81 33
82 33
83 33
84 33
85 33
86 33
87 33
88 33
89 32
90 32
91 31
92 31
93 31
94 29
95 29
96 29
97 29
98 29
99 29
100 29
101 29
102 29
103 29
104 29
105 29
106 29
107 29
108 29
109 29
110 29
111 29
112 28
113 27
114 27
115 27
116 27
117 27
118 27
119 27
120 27
121 27
122 27
123 27
124 27
125 27
126 27
127 27
128 27
129 27
130 27
131 27
132 27
133 27
134 27
135 26
136 25
137 25
138 25
139 25
140 25
141 25
142 25
143 25
144 24
145 24
146 24
147 24
148 24
149 24
150 24
151 24
152 24
153 24
154 24
155 24
156 24
157 24
158 23
159 23
160 23
161 23
162 23
163 23
164 23
165 23
166 23
167 23
168 23
169 23
170 23
171 21
172 21
173 21
174 20
175 19
176 19
177 19
178 19
179 18
180 18
181 18
182 18
183 18
184 18
185 18
186 18
187 18
188 18
189 18
190 18
191 18
192 18
193 18
194 18
195 18
196 18
197 18
198 18
199 18
200 18
201 18
202 18
203 18
204 17
205 17
206 17
207 17
208 17
209 17
210 17
211 17
212 16
213 16
214 16
215 16
216 16
217 16
218 16
219 16
220 16
221 16
222 16
223 16
224 16
225 16
226 16
227 16
228 16
229 16
230 15
231 15
232 15
233 15
234 15
235 15
236 15
237 15
238 15
239 15
240 15
241 15
242 15
243 15
244 15
245 15
246 15
247 15
248 15
249 14
250 14
251 14
252 14
253 14
254 14
255 14
256 14
257 14
258 14
259 14
260 14
261 13
262 13
263 13
264 13
265 13
266 13
267 13
268 13
269 13
270 13
271 13
272 13
273 13
274 13
275 13
276 13
277 13
278 13
279 13
280 13
281 13
282 13
283 13
284 13
285 13
286 13
287 13
288 13
289 13
290 13
291 13
292 13
293 13
294 13
295 13
296 13
297 13
298 13
299 13
300 13
301 13
302 13
303 13
304 13
305 13
306 13
307 13
308 13
309 13
310 13
311 13
312 13
313 13
314 13
315 13
316 13
317 13
318 13
319 13
320 13
321 13
322 13
323 13
324 13
325 13
326 13
327 13
328 13
329 13
330 13
331 13
332 13
333 13
334 13
335 13
336 13
337 13
338 13
339 13
340 13
341 13
342 13
343 13
344 13
345 13
346 13
347 13
348 13
349 13
350 13
351 13
352 13
353 13
354 13
355 13
356 13
357 13
358 13
359 13
360 13
361 13
362 13
363 13
364 13
365 13
366 13
367 13
368 13
369 13
370 13
371 13
372 13
373 13
374 13
375 13
376 13
377 13
378 12
379 12
380 12
381 12
382 12
383 12
384 12
385 12
386 12
387 12
388 12
389 12
390 12
391 12
392 11
393 11
394 11
395 11
396 11
397 11
398 11
399 11
400 11
401 11
402 11
403 11
404 11
405 11
406 11
407 11
408 11
409 11
410 11
411 11
412 11
413 11
414 11
415 11
416 11
417 11
418 11
419 11
420 11
421 11
422 11
423 11
424 11
425 11
426 11
427 11
428 11
429 11
430 11
431 11
432 11
433 11
434 11
435 11
436 11
437 11
438 11
439 11
440 11
441 11
442 11
443 11
444 11
445 11
446 11
447 11
448 11
449 11
450 11
451 11
452 11
453 11
454 11
455 11
456 11
457 11
458 10
459 10
460 10
461 10
462 10
463 10
464 10
465 10
466 10
467 10
468 10
469 10
470 10
471 10
472 10
473 10
474 10
475 10
476 10
477 10
478 9
479 9
480 9
481 8
482 8
483 8
484 8
485 8
486 8
487 8
488 8
489 8
490 8
491 8
492 8
493 8
494 8
495 8
496 8
497 8
498 8
499 8
