1 347
2 159
3 133
4 124
5 112
6 104
7 101
8 98
9 98
10 95
11 87
12 85
13 85
14 82
15 82
16 81
17 79
18 79
19 77
20 76
21 76
22 76
23 76
24 76
25 76
26 76
27 76
28 76
29 76
30 76
31 76
32 75
33 75
34 75
35 75
36 75
37 75
38 75
39 75
40 75
41 75
42 75
43 75
44 75
45 73
46 73
47 73
48 73
49 72
50 72
51 72
52 72
53 71
54 69
55 69
56 69
57 69
58 69
59 69
60 68
61 68
62 68
63 68
64 68
65 68
66 68
67 68
68 68
69 68
70 68
71 68
72 68
73 68
74 68
75 68
76 68
77 68
78 68
79 68
80 68
81 68
82 68
83 68
84 68
85 67
86 67
87 67
88 67
89 67
90 66
91 66
92 66
93 66
94 66
95 66
96 65
97 65
98 65
99 64
100 64
101 64
102 64
103 64
104 64
105 64
106 63
107 63
108 63
109 63
110 63
111 63
112 63
113 63
114 63
115 63
116 63
117 63
118 63
119 63
120 63
121 63
122 63
123 63
124 63
125 63
126 63
127 63
128 63
129 63
130 63
131 63
132 63
133 63
134 63
135 63
136 63
137 63
138 63
139 63
140 63
141 63
142 63
143 63
144 63
145 63
146 63
147 63
148 63
149 63
150 63
151 63
152 63
153 63
154 63
155 63
156 63
157 63
158 63
159 63
160 63
161 63
162 63
163 63
164 63
165 63
166 63
167 63
168 63
169 63
170 63
171 63
172 63
173 63
174 63
175 63
176 63
177 63
178 63
179 63
180 63
181 63
182 63
183 63
184 63
185 63
186 62
187 62
188 62
189 61
190 61
191 61
192 61
193 61
194 61
195 61
196 61
197 61
198 60
199 60
200 60
201 60
202 60
203 60
204 60
205 60
206 60
207 60
208 60
209 60
210 60
211 60
212 59
213 59
214 59
215 59
216 59
217 59
218 59
219 59
220 59
221 59
222 59
223 59
224 59
225 59
226 59
227 59
228 59
229 59
230 59
231 59
232 59
233 59
234 59
235 59
236 59
237 59
238 59
239 59
240 59
241 59
242 59
243 59
244 59
245 59
246 59
247 59
248 59
249 59
250 59
251 59
252 59
253 59
254 59
255 59
256 59
257 59
258 59
259 59
260 59
261 59
262 59
263 59
264 59
265 59
266 59
267 59
268 59
269 59
270 59
271 59
272 59
273 59
274 59
275 59
276 59
277 59
278 59
279 59
280 59
281 59
282 59
283 59
284 59
285 59
286 59
287 59
288 59
289 59
290 59
291 59
292 59
293 59
294 59
295 59
296 59
297 59
298 59
299 59
300 59
301 59
302 59
303 59
304 59
305 59
306 59
307 59
308 59
309 59
310 59
311 59
312 59
313 59
314 59
315 59
316 59
317 59
318 59
319 59
320 59
321 59
322 59
323 59
324 59
325 59
326 59
327 59
328 59
329 59
330 59
331 59
332 59
333 59
334 59
335 59
336 59
337 59
338 59
339 59
340 59
341 59
342 59
343 59
344 59
345 59
346 59
347 59
348 59
349 59
350 59
351 59
352 59
353 59
354 59
355 59
356 59
357 59
358 59
359 59
360 59
361 59
362 59
363 59
364 59
365 59
366 59
367 59
368 59
369 59
370 59
371 59
372 59
373 59
374 59
375 59
376 59
377 59
378 59
379 59
380 59
381 59
382 59
383 59
384 59
385 59
386 59
387 59
388 59
389 59
390 59
391 59
392 59
393 59
394 59
395 59
396 59
397 59
398 59
399 59
400 59
401 59
402 59
403 59
404 59
405 59
406 59
407 59
408 59
409 59
410 59
411 59
412 59
413 59
414 58
415 58
416 58
417 58
418 58
419 58
420 58
421 58
422 58
423 58
424 58
425 58
426 58
427 58
428 57
429 57
430 57
431 57
432 57
433 57
434 57
435 57
436 57
437 57
438 57
439 57
440 57
441 57
442 57
443 57
444 57
445 57
446 57
447 57
448 57
449 57
450 57
451 57
452 57
453 57
454 57
455 57
456 57
457 57
458 57
459 57
460 57
461 57
462 57
463 57
464 57
465 57
466 57
467 57
468 57
469 57
470 57
471 57
472 57
473 57
474 57
475 57
476 57
477 57
478 57
479 57
480 57
481 57
482 57
483 57
484 57
485 57
486 57
487 57
488 57
489 57
490 57
491 57
492 57
493 57
494 57
495 57
496 57
497 57
498 57
499 57
