10 681
20 518
30 484
40 474
50 472
50 472
51 472
52 472
53 472
54 472
55 471
56 471
57 471
58 471
59 471
60 471
60 471
61 471
62 470
63 470
64 469
65 468
66 468
67 468
68 468
69 468
70 468
70 468
71 464
72 461
73 457
74 450
75 449
76 449
77 448
78 447
79 446
80 443
80 443
81 434
82 433
83 433
84 433
85 433
86 431
87 429
88 429
89 429
90 428
90 428
91 428
92 428
93 427
94 427
95 427
96 427
97 427
98 427
99 427
100 427
100 427
101 427
102 427
103 427
104 427
105 427
106 427
107 427
108 427
109 426
110 425
110 425
111 425
112 425
113 425
114 425
115 425
116 423
117 422
118 422
119 422
120 421
120 421
121 421
122 421
123 421
124 421
125 421
126 421
127 421
128 421
129 421
130 418
130 418
131 417
132 417
133 416
134 415
135 414
136 414
137 413
138 413
139 413
140 413
140 413
141 412
142 412
143 412
144 412
145 412
146 412
147 412
148 412
149 412
150 412
150 412
151 412
152 412
153 412
154 412
155 412
156 411
157 411
158 411
159 411
160 410
160 410
161 410
162 410
163 410
164 410
165 410
166 410
167 410
168 410
169 410
170 410
170 410
171 410
172 409
173 409
174 409
175 409
176 408
177 407
178 407
179 407
180 407
180 407
181 407
182 407
183 407
184 407
185 406
186 406
187 406
188 405
189 405
190 405
190 405
191 405
192 405
193 405
194 405
195 404
196 404
197 404
198 403
199 403
200 403
210 401
220 401
230 400
240 399
250 395
260 394
270 389
280 388
290 387
300 385
310 384
320 382
330 381
340 381
350 377
360 375
370 375
380 374
390 374
400 371
410 369
420 369
430 367
440 366
450 363
460 362
470 361
480 360
490 358
500 356
